PROPERTY
ID CASH
347576 0.84
71291 76 1 3.00
207669 32.78
2945304 0.15
177770 2.31
2937103 0.04
448967 32.40
270728 40.71
3466334 57.38
1061 58.80
2937734 8.70
6596106 0.03
466795 33.47
503394 1 .00
3740777 81.53
3443366 12.20
PROPERTY
ID CASH
3388720 1 .19
2955011 366.99
2873033 3.15
260342 15.00
629352 17.19
448814 7.51
3313843 20.00
3315632 20.00
3323972 100.00
3315072 20.00
3315664 20.00
3315886 20.00
3226857 2.30
3232744 4.00
3233756 2.10
3235340 11 .26
3238791 8.19
3239069 8.80
3242026 3.99
3242265 2.00
PROPERTY
ID CASH
3245372 4.83
3191086 6.72
3191994 4.80
3194550 7.40
3196146 8.40
3197495 8.20
3197974 5.00
3198675 4.60
3467699 0.28
411387 14.40
619782 0.84
4089398 0.08
417774 121.90
3389829 6.21
3725061 0.08
6879928 11.25
3885884 21.97
6802415 10.55
3709577 6.00
6876776 11.20
7108759 0.10
7284239 29.79
PROPERTY
ID CASH
3562434 12.68
7038917 11 7. 04
3731507 0.05
5519347 0.54
3776164 4.31
3777920 1 .50
68041 74 0.12
3670370 878.83
6113565 0.38
302980 3.08
315726 1 9.02
7259343 2.08
7169991 12.00
302380 3.16
324634 1 .02
7169995 5.00
71701 96 5.00
6936332 2.40
6939197 0.02
PROPERTY
ID CASH
6939427 7.89
352189 1 67.00
7129068 90.00
327407 70.87
5654873 21.76
5700617 20.00
5703621 4.48
6612883 285.13
7095482 5.93
4002036 11 .33
3691455 2911.12
7131957 5.00
7142749 7.74
4018494 424.60
5489143 99.90
7062259 0.26
69821 64 1 0.00
7055140 5.99
